date     value  avg   min   max
1.1.2013 6,00 8,00 1,00 37,00
2.1.2013 9,00 8,00 1,00 39,00
3.1.2013 15,00 7,00 1,00 34,00
4.1.2013 17,00 7,00 1,00 27,00
5.1.2013 17,00 7,00 1,00 42,00
6.1.2013 15,00 7,00 1,00 38,00
7.1.2013 14,00 6,00 1,00 29,00
8.1.2013 13,00 7,00 1,00 46,00
9.1.2013 11,00 7,00 1,00 45,00
10.1.2013 9,00 8,00 1,00 57,00
11.1.2013 9,00 8,00 1,00 58,00
12.1.2013 8,00 8,00 1,00 58,00
13.1.2013 8,00 8,00 1,00 56,00
14.1.2013 7,00 8,00 1,00 63,00
15.1.2013 7,00 8,00 1,00 52,00
16.1.2013 7,00 8,00 1,00 42,00
17.1.2013 6,00 8,00 1,00 38,00
18.1.2013 6,00 8,00 1,00 38,00
19.1.2013 5,00 8,00 1,00 38,00
20.1.2013 5,00 8,00 1,00 51,00
21.1.2013 5,00 8,00 1,00 50,00
22.1.2013 5,00 7,00 1,00 42,00
23.1.2013 4,00 7,00 1,00 33,00
24.1.2013 4,00 7,00 1,00 36,00
25.1.2013 4,00 7,00 1,00 45,00
26.1.2013 4,00 6,00 1,00 38,00
27.1.2013 4,00 6,00 1,00 32,00
28.1.2013 4,00 6,00 1,00 29,00
29.1.2013 4,00 5,00 1,00 25,00
30.1.2013 4,00 5,00 1,00 20,00
31.1.2013 4,00 5,00 1,00 21,00
1.2.2013 5,00 5,00 1,00 20,00
2.2.2013 5,00 5,00 1,00 20,00
3.2.2013 5,00 5,00 1,00 28,00
4.2.2013 4,00 5,00 1,00 26,00
5.2.2013 4,00 6,00 1,00 34,00
6.2.2013 4,00 6,00 1,00 47,00
7.2.2013 4,00 6,00 1,00 50,00
8.2.2013 4,00 7,00 1,00 55,00
9.2.2013 4,00 7,00 1,00 55,00
10.2.2013 4,00 7,00 1,00 67,00
11.2.2013 4,00 7,00 1,00 68,00
12.2.2013 4,00 7,00 1,00 63,00
13.2.2013 4,00 6,00 1,00 55,00
14.2.2013 5,00 6,00 1,00 49,00
15.2.2013 5,00 6,00 1,00 40,00
16.2.2013 5,00 5,00 1,00 38,00
17.2.2013 4,00 5,00 1,00 28,00
18.2.2013 4,00 5,00 1,00 38,00
19.2.2013 4,00 5,00 1,00 41,00
20.2.2013 4,00 5,00 1,00 37,00
21.2.2013 4,00 5,00 1,00 45,00
22.2.2013 4,00 6,00 1,00 68,00
23.2.2013 4,00 6,00 1,00 78,00
24.2.2013 4,00 6,00 1,00 75,00
25.2.2013 4,00 6,00 1,00 74,00
26.2.2013 4,00 6,00 1,00 70,00
27.2.2013 3,00 6,00 1,00 65,00
28.2.2013 3,00 7,00 1,00 74,00
1.3.2013 3,00 7,00 1,00 65,00
2.3.2013 4,00 7,00 1,00 55,00
3.3.2013 4,00 7,00 1,00 50,00
4.3.2013 4,00 6,00 1,00 44,00
5.3.2013 4,00 6,00 1,00 38,00
6.3.2013 4,00 5,00 1,00 36,00
7.3.2013 4,00 5,00 1,00 37,00
8.3.2013 3,00 5,00 1,00 33,00
9.3.2013 3,00 5,00 1,00 30,00
10.3.2013 3,00 5,00 1,00 26,00
11.3.2013 3,00 6,00 1,00 31,00
12.3.2013 3,00 6,00 1,00 34,00
13.3.2013 3,00 6,00 1,00 33,00
14.3.2013 3,00 6,00 1,00 34,00
15.3.2013 3,00 7,00 1,00 44,00
16.3.2013 3,00 7,00 1,00 49,00
17.3.2013 3,00 7,00 1,00 43,00
18.3.2013 3,00 7,00 1,00 48,00
19.3.2013 3,00 7,00 1,00 53,00
20.3.2013 3,00 7,00 1,00 59,00
21.3.2013 3,00 8,00 1,00 59,00
22.3.2013 3,00 9,00 1,00 65,00
23.3.2013 3,00 10,00 1,00 67,00
24.3.2013 2,00 11,00 1,00 73,00
25.3.2013 2,00 11,00 1,00 72,00
26.3.2013 2,00 11,00 1,00 70,00
27.3.2013 2,00 11,00 1,00 62,00
28.3.2013 2,00 11,00 1,00 54,00
29.3.2013 2,00 12,00 1,00 65,00
30.3.2013 2,00 13,00 1,00 74,00
31.3.2013 2,00 14,00 1,00 73,00
1.4.2013 2,00 15,00 1,00 77,00
2.4.2013 2,00 17,00 1,00 72,00
3.4.2013 2,00 19,00 1,00 64,00
4.4.2013 2,00 22,00 1,00 68,00
5.4.2013 2,00 25,00 1,00 90,00
6.4.2013 3,00 28,00 1,00 90,00
7.4.2013 3,00 30,00 2,00 85,00
8.4.2013 3,00 32,00 2,00 100,00
9.4.2013 3,00 35,00 3,00 107,00
10.4.2013 3,00 36,00 4,00 109,00
11.4.2013 3,00 37,00 4,00 97,00
12.4.2013 4,00 37,00 5,00 105,00
13.4.2013 4,00 40,00 5,00 119,00
14.4.2013 12,00 41,00 5,00 158,00
15.4.2013 20,00 41,00 6,00 145,00
16.4.2013 31,00 42,00 8,00 148,00
17.4.2013 45,00 43,00 8,00 151,00
18.4.2013 59,00 45,00 9,00 143,00
19.4.2013 86,00 46,00 9,00 134,00
20.4.2013 99,00 46,00 11,00 124,00
21.4.2013 86,00 46,00 12,00 112,00
22.4.2013 77,00 45,00 12,00 100,00
23.4.2013 69,00 42,00 13,00 93,00
24.4.2013 63,00 40,00 12,00 86,00
25.4.2013 57,00 38,00 11,00 87,00
26.4.2013 50,00 37,00 10,00 93,00
27.4.2013 43,00 35,00 8,00 93,00
28.4.2013 36,00 34,00 8,00 98,00
29.4.2013 30,00 33,00 9,00 101,00
30.4.2013 26,00 32,00 8,00 105,00
1.5.2013 23,00 32,00 8,00 127,00
2.5.2013 20,00 32,00 8,00 172,00
3.5.2013 17,00 32,00 7,00 191,00
4.5.2013 14,00 31,00 7,00 203,00
5.5.2013 12,00 30,00 7,00 191,00
6.5.2013 11,00 29,00 6,00 177,00
7.5.2013 10,00 28,00 6,00 160,00
8.5.2013 8,00 26,00 5,00 134,00
9.5.2013 7,00 24,00 5,00 124,00
10.5.2013 7,00 22,00 5,00 113,00
11.5.2013 6,00 21,00 4,00 100,00
12.5.2013 6,00 19,00 4,00 88,00
13.5.2013 6,00 18,00 4,00 77,00
14.5.2013 5,00 17,00 3,00 74,00
15.5.2013 5,00 16,00 2,00 62,00
16.5.2013 4,00 16,00 2,00 72,00
17.5.2013 4,00 14,00 2,00 46,00
18.5.2013 4,00 14,00 3,00 38,00
19.5.2013 4,00 13,00 3,00 38,00
20.5.2013 4,00 12,00 3,00 33,00
21.5.2013 4,00 11,00 3,00 27,00
22.5.2013 4,00 11,00 3,00 30,00
23.5.2013 4,00 10,00 3,00 28,00
24.5.2013 4,00 10,00 3,00 35,00
25.5.2013 4,00 9,00 3,00 34,00
26.5.2013 4,00 9,00 3,00 28,00
27.5.2013 4,00 9,00 3,00 43,00
28.5.2013 3,00 9,00 3,00 48,00
29.5.2013 3,00 8,00 3,00 37,00
30.5.2013 3,00 8,00 3,00 26,00
31.5.2013 3,00 7,00 3,00 23,00
1.6.2013 2,00 7,00 3,00 19,00
2.6.2013 2,00 7,00 2,00 25,00
3.6.2013 2,00 6,00 2,00 20,00
4.6.2013 2,00 6,00 2,00 16,00
5.6.2013 2,00 6,00 2,00 16,00
6.6.2013 2,00 6,00 2,00 15,00
7.6.2013 2,00 6,00 2,00 13,00
8.6.2013 2,00 5,00 2,00 14,00
9.6.2013 2,00 5,00 2,00 22,00
10.6.2013 2,00 5,00 2,00 44,00
11.6.2013 2,00 5,00 2,00 44,00
12.6.2013 3,00 5,00 2,00 34,00
13.6.2013 3,00 5,00 2,00 25,00
14.6.2013 3,00 6,00 2,00 36,00
15.6.2013 3,00 7,00 2,00 55,00
16.6.2013 3,00 6,00 2,00 45,00
17.6.2013 3,00 7,00 2,00 40,00
18.6.2013 3,00 7,00 2,00 49,00
19.6.2013 3,00 7,00 2,00 40,00
20.6.2013 4,00 6,00 1,00 30,00
21.6.2013 4,00 6,00 1,00 31,00
22.6.2013 4,00 5,00 1,00 33,00
23.6.2013 3,00 5,00 1,00 28,00
24.6.2013 3,00 5,00 1,00 27,00
25.6.2013 3,00 5,00 1,00 35,00
26.6.2013 2,00 5,00 1,00 28,00
27.6.2013 2,00 5,00 1,00 21,00
28.6.2013 2,00 4,00 1,00 18,00
29.6.2013 3,00 4,00 1,00 15,00
30.6.2013 3,00 5,00 1,00 14,00
1.7.2013 3,00 5,00 1,00 22,00
2.7.2013 3,00 5,00 1,00 31,00
3.7.2013 3,00 5,00 1,00 25,00
4.7.2013 3,00 4,00 1,00 22,00
5.7.2013 3,00 4,00 1,00 21,00
6.7.2013 3,00 4,00 1,00 20,00
7.7.2013 3,00 4,00 1,00 20,00
8.7.2013 3,00 5,00 1,00 26,00
9.7.2013 3,00 5,00 1,00 23,00
10.7.2013 2,00 5,00 1,00 29,00
11.7.2013 2,00 5,00 1,00 42,00
12.7.2013 2,00 5,00 1,00 42,00
13.7.2013 2,00 5,00 1,00 36,00
14.7.2013 2,00 5,00 1,00 32,00
15.7.2013 2,00 5,00 1,00 34,00
16.7.2013 2,00 5,00 1,00 32,00
17.7.2013 2,00 5,00 1,00 26,00
18.7.2013 2,00 4,00 1,00 21,00
19.7.2013 2,00 4,00 1,00 18,00
20.7.2013 2,00 4,00 1,00 21,00
21.7.2013 3,00 5,00 1,00 26,00
22.7.2013 3,00 5,00 1,00 28,00
23.7.2013 2,00 5,00 1,00 26,00
24.7.2013 2,00 5,00 1,00 28,00
25.7.2013 2,00 5,00 1,00 28,00
26.7.2013 2,00 5,00 1,00 34,00
27.7.2013 2,00 5,00 1,00 36,00
28.7.2013 2,00 5,00 1,00 42,00
29.7.2013 2,00 6,00 1,00 44,00
30.7.2013 2,00 6,00 1,00 64,00
31.7.2013 2,00 6,00 1,00 81,00
1.8.2013 2,00 7,00 1,00 99,00
2.8.2013 2,00 7,00 1,00 86,00
3.8.2013 2,00 6,00 1,00 72,00
4.8.2013 2,00 6,00 1,00 64,00
5.8.2013 2,00 6,00 1,00 60,00
6.8.2013 2,00 6,00 1,00 55,00
7.8.2013 2,00 6,00 1,00 49,00
8.8.2013 2,00 6,00 1,00 43,00
9.8.2013 2,00 7,00 1,00 40,00
10.8.2013 3,00 7,00 1,00 36,00
11.8.2013 3,00 6,00 1,00 31,00
12.8.2013 3,00 7,00 1,00 33,00
13.8.2013 3,00 7,00 1,00 32,00
14.8.2013 3,00 7,00 1,00 33,00
15.8.2013 13,00 6,00 1,00 26,00
16.8.2013 25,00 6,00 1,00 22,00
17.8.2013 25,00 5,00 1,00 23,00
18.8.2013 18,00 6,00 1,00 21,00
19.8.2013 13,00 6,00 1,00 19,00
20.8.2013 11,00 6,00 1,00 22,00
21.8.2013 10,00 5,00 1,00 23,00
22.8.2013 9,00 5,00 1,00 21,00
23.8.2013 8,00 5,00 1,00 25,00
24.8.2013 7,00 5,00 1,00 25,00
25.8.2013 6,00 6,00 1,00 27,00
26.8.2013 5,00 6,00 1,00 31,00
27.8.2013 4,00 6,00 1,00 28,00
28.8.2013 4,00 6,00 1,00 25,00
29.8.2013 3,00 7,00 1,00 42,00
30.8.2013 3,00 7,00 1,00 41,00
31.8.2013 2,00 7,00 1,00 41,00
1.9.2013 2,00 7,00 1,00 34,00
2.9.2013 2,00 7,00 1,00 30,00
3.9.2013 3,00 7,00 1,00 34,00
4.9.2013 3,00 7,00 1,00 37,00
5.9.2013 3,00 7,00 1,00 34,00
6.9.2013 3,00 6,00 1,00 28,00
7.9.2013 3,00 6,00 1,00 22,00
8.9.2013 2,00 6,00 1,00 33,00
9.9.2013 2,00 6,00 1,00 26,00
10.9.2013 3,00 5,00 1,00 20,00
11.9.2013 3,00 5,00 1,00 18,00
12.9.2013 3,00 6,00 1,00 27,00
13.9.2013 3,00 7,00 1,00 38,00
14.9.2013 4,00 8,00 1,00 48,00
15.9.2013 4,00 7,00 1,00 47,00
16.9.2013 3,00 8,00 1,00 38,00
17.9.2013 3,00 8,00 1,00 31,00
18.9.2013 3,00 7,00 1,00 33,00
19.9.2013 2,00 7,00 1,00 31,00
20.9.2013 3,00 7,00 1,00 32,00
21.9.2013 3,00 7,00 1,00 33,00
22.9.2013 8,00 7,00 1,00 33,00
23.9.2013 11,00 7,00 1,00 30,00
24.9.2013 9,00 8,00 1,00 34,00
25.9.2013 8,00 8,00 1,00 47,00
26.9.2013 6,00 9,00 1,00 77,00
27.9.2013 5,00 9,00 1,00 71,00
28.9.2013 4,00 9,00 1,00 67,00
29.9.2013 4,00 9,00 1,00 64,00
30.9.2013 4,00 9,00 1,00 54,00
1.10.2013 4,00 8,00 1,00 46,00
2.10.2013 3,00 8,00 1,00 38,00
3.10.2013 3,00 8,00 1,00 32,00
4.10.2013 3,00 8,00 1,00 33,00
5.10.2013 3,00 8,00 1,00 41,00
6.10.2013 3,00 9,00 1,00 53,00
7.10.2013 2,00 9,00 1,00 44,00
8.10.2013 2,00 9,00 1,00 42,00
9.10.2013 3,00 10,00 1,00 42,00
10.10.2013 3,00 11,00 1,00 42,00
11.10.2013 3,00 11,00 1,00 59,00
12.10.2013 4,00 12,00 1,00 72,00
13.10.2013 4,00 13,00 1,00 64,00
14.10.2013 4,00 12,00 1,00 54,00
15.10.2013 3,00 13,00 1,00 94,00
16.10.2013 3,00 12,00 1,00 44,00
17.10.2013 3,00 11,00 1,00 47,00
18.10.2013 4,00 11,00 1,00 59,00
19.10.2013 16,00 11,00 1,00 49,00
20.10.2013 18,00 11,00 1,00 37,00
21.10.2013 13,00 11,00 2,00 38,00
22.10.2013 9,00 13,00 1,00 48,00
23.10.2013 8,00 13,00 1,00 50,00
24.10.2013 13,00 13,00 1,00 54,00
25.10.2013 20,00 12,00 1,00 47,00
26.10.2013 19,00 12,00 1,00 37,00
27.10.2013 19,00 13,00 1,00 48,00
28.10.2013 20,00 14,00 1,00 57,00
29.10.2013 29,00 14,00 1,00 56,00
30.10.2013 38,00 14,00 2,00 51,00
31.10.2013 32,00 14,00 2,00 56,00
1.11.2013 25,00 15,00 2,00 50,00
2.11.2013 25,00 14,00 2,00 45,00
3.11.2013 25,00 14,00 2,00 42,00
4.11.2013 25,00 15,00 2,00 52,00
5.11.2013 38,00 15,00 1,00 54,00
6.11.2013 44,00 15,00 2,00 46,00
7.11.2013 37,00 15,00 2,00 55,00
8.11.2013 31,00 14,00 2,00 47,00
9.11.2013 28,00 14,00 2,00 47,00
10.11.2013 30,00 14,00 2,00 47,00
11.11.2013 33,00 15,00 2,00 62,00
12.11.2013 30,00 15,00 1,00 60,00
13.11.2013 28,00 16,00 2,00 70,00
14.11.2013 27,00 16,00 2,00 62,00
15.11.2013 24,00 15,00 1,00 52,00
16.11.2013 22,00 16,00 1,00 48,00
17.11.2013 21,00 16,00 1,00 50,00
18.11.2013 19,00 16,00 1,00 63,00
19.11.2013 17,00 17,00 1,00 72,00
20.11.2013 17,00 17,00 2,00 71,00
21.11.2013 21,00 17,00 2,00 58,00
22.11.2013 32,00 17,00 2,00 75,00
23.11.2013 37,00 16,00 2,00 72,00
24.11.2013 31,00 15,00 1,00 79,00
25.11.2013 25,00 16,00 1,00 67,00
26.11.2013 22,00 16,00 2,00 69,00
27.11.2013 20,00 16,00 2,00 65,00
28.11.2013 18,00 15,00 2,00 54,00
29.11.2013 18,00 15,00 2,00 48,00
30.11.2013 16,00 15,00 2,00 48,00
1.12.2013 14,00 14,00 2,00 48,00
2.12.2013 15,00 14,00 2,00 55,00
3.12.2013 18,00 14,00 2,00 59,00
4.12.2013 12,00 15,00 2,00 59,00
5.12.2013 10,00 16,00 2,00 63,00
6.12.2013 10,00 15,00 1,00 59,00
7.12.2013 10,00 15,00 1,00 52,00
8.12.2013 9,00 14,00 1,00 57,00
9.12.2013 8,00 13,00 1,00 70,00
10.12.2013 7,00 13,00 1,00 64,00
11.12.2013 7,00 13,00 1,00 54,00
12.12.2013 8,00 13,00 1,00 59,00
13.12.2013 9,00 13,00 1,00 58,00
14.12.2013 12,00 13,00 1,00 60,00
15.12.2013 11,00 12,00 1,00 54,00
16.12.2013 10,00 12,00 1,00 47,00
17.12.2013 12,00 11,00 1,00 44,00
18.12.2013 16,00 11,00 1,00 45,00
19.12.2013 15,00 11,00 1,00 57,00
20.12.2013 13,00 10,00 1,00 62,00
21.12.2013 14,00 10,00 1,00 59,00
22.12.2013 18,00 9,00 1,00 50,00
23.12.2013 27,00 9,00 1,00 63,00
24.12.2013 31,00 9,00 1,00 64,00
25.12.2013 31,00 9,00 1,00 65,00
26.12.2013 33,00 9,00 1,00 67,00
27.12.2013 36,00 9,00 1,00 64,00
28.12.2013 34,00 9,00 1,00 55,00
29.12.2013 33,00 9,00 1,00 48,00
30.12.2013 31,00 8,00 1,00 38,00
31.12.2013 27,00 8,00 1,00 38,00
