date     value  avg   min   max
1.1.2014 23,93 7,84 0,60 37,00
2.1.2014 21,80 7,57 0,59 39,00
3.1.2014 20,39 7,16 0,59 34,00
4.1.2014 18,70 7,20 0,60 27,00
5.1.2014 17,33 7,02 0,60 42,00
6.1.2014 19,09 6,67 0,60 38,00
7.1.2014 18,87 6,48 0,60 29,00
8.1.2014 20,91 6,83 0,60 46,00
9.1.2014 36,10 7,17 0,61 45,00
10.1.2014 39,07 7,69 0,61 57,00
11.1.2014 37,17 7,90 0,63 58,00
12.1.2014 30,57 7,69 0,65 58,00
13.1.2014 23,98 7,53 0,68 56,00
14.1.2014 21,30 8,33 0,69 63,00
15.1.2014 19,45 8,47 0,70 52,00
16.1.2014 16,44 7,89 0,70 42,00
17.1.2014 14,51 7,70 0,71 38,00
18.1.2014 12,99 8,03 0,73 38,00
19.1.2014 11,52 8,04 0,76 38,00
20.1.2014 9,60 8,00 0,77 51,00
21.1.2014 8,89 7,83 0,77 50,00
22.1.2014 7,80 7,42 0,78 42,00
23.1.2014 6,56 7,00 0,79 33,00
24.1.2014 5,76 6,74 0,79 36,00
25.1.2014 4,91 6,66 0,80 45,00
26.1.2014 4,59 6,38 0,81 38,00
27.1.2014 4,23 6,08 0,82 32,00
28.1.2014 3,99 5,77 0,82 29,00
29.1.2014 3,73 5,48 0,82 25,00
30.1.2014 3,54 5,37 0,81 20,00
31.1.2014 3,35 5,15 0,81 21,00
1.2.2014 3,21 4,94 0,81 20,00
2.2.2014 3,06 4,80 0,82 19,60
3.2.2014 2,95 4,92 0,82 28,00
4.2.2014 2,89 5,28 0,81 26,00
5.2.2014 2,83 5,71 0,81 34,00
6.2.2014 2,77 6,11 0,80 47,00
7.2.2014 2,66 6,49 0,80 50,00
8.2.2014 2,59 6,76 0,79 55,00
9.2.2014 2,54 6,58 0,79 55,00
10.2.2014 2,50 6,75 0,78 67,00
11.2.2014 2,50 6,87 0,78 68,00
12.2.2014 2,55 6,62 0,78 63,00
13.2.2014 2,62 6,28 0,78 55,00
14.2.2014 2,69 5,89 0,77 49,00
15.2.2014 2,81 5,50 0,77 40,00
16.2.2014 2,85 5,31 0,77 38,00
17.2.2014 3,05 5,28 0,77 28,00
18.2.2014 3,24 5,33 0,77 38,00
19.2.2014 3,45 5,15 0,77 41,00
20.2.2014 3,82 4,93 0,77 37,00
21.2.2014 4,19 5,27 0,77 45,00
22.2.2014 5,03 5,70 0,77 68,00
23.2.2014 6,24 5,99 0,77 78,00
24.2.2014 13,90 5,84 0,77 75,00
25.2.2014 20,82 5,79 0,77 74,00
26.2.2014 16,30 6,06 0,77 70,00
27.2.2014 10,85 6,42 0,77 65,00
28.2.2014 9,23 7,19 0,77 74,00
1.3.2014 8,55 7,49 0,77 65,00
2.3.2014 7,83 7,10 0,77 55,00
3.3.2014 7,43 6,85 0,77 50,00
4.3.2014 7,99 6,33 0,77 44,00
5.3.2014 9,02 5,87 0,77 38,00
6.3.2014 8,30 5,49 0,77 36,00
7.3.2014 7,58 5,24 0,78 37,00
8.3.2014 9,55 5,07 0,79 33,00
9.3.2014 18,50 5,11 0,80 30,00
10.3.2014 17,62 5,23 0,80 26,00
11.3.2014 20,64 5,65 0,81 31,00
12.3.2014 21,30 6,03 0,81 34,00
13.3.2014 19,62 6,30 0,82 33,00
14.3.2014 19,55 6,37 0,83 34,00
15.3.2014 18,03 6,78 0,84 44,00
16.3.2014 15,44 6,67 0,84 49,00
17.3.2014 13,28 6,70 0,84 43,00
18.3.2014 11,26 6,70 0,85 48,00
19.3.2014 10,83 6,80 0,84 53,00
20.3.2014 9,64 7,45 0,82 59,00
21.3.2014 9,52 8,14 0,82 59,00
22.3.2014 14,73 9,13 0,82 65,00
23.3.2014 18,85 10,11 0,81 67,00
24.3.2014 18,56 10,54 0,81 73,00
25.3.2014 17,53 10,62 0,81 72,00
26.3.2014 16,02 10,67 0,80 70,00
27.3.2014 14,32 10,96 0,79 62,00
28.3.2014 12,96 11,15 0,79 54,00
29.3.2014 12,07 11,69 0,79 65,00
30.3.2014 11,55 12,88 0,80 74,00
31.3.2014 11,21 13,56 0,82 73,00
1.4.2014 10,49 14,85 0,84 77,00
2.4.2014 9,58 16,66 1,20 72,00
3.4.2014 8,87 19,06 1,34 64,00
4.4.2014 8,38 22,29 1,34 68,00
5.4.2014 7,79 25,11 1,00 90,00
6.4.2014 7,61 28,35 1,49 90,00
7.4.2014 7,65 30,14 1,69 85,00
8.4.2014 7,93 32,27 1,86 100,00
9.4.2014 8,04 34,59 2,60 107,00
10.4.2014 7,66 35,57 3,50 109,00
11.4.2014 7,26 36,51 3,60 97,00
12.4.2014 7,49 37,05 4,80 105,00
13.4.2014 9,33 39,78 5,00 119,00
14.4.2014 11,68 41,03 5,30 158,00
15.4.2014 13,70 41,15 6,30 145,00
16.4.2014 15,69 41,93 7,70 148,00
17.4.2014 14,80 42,68 8,10 151,00
18.4.2014 13,62 44,85 8,60 143,00
19.4.2014 13,14 46,49 9,10 134,00
20.4.2014 12,51 45,50 11,30 124,00
21.4.2014 11,94 45,93 12,00 112,00
22.4.2014 11,48 45,06 11,80 100,00
23.4.2014 10,81 42,44 13,20 93,00
24.4.2014 10,17 40,19 12,30 86,00
25.4.2014 8,93 37,98 11,30 87,00
26.4.2014 8,21 36,57 10,30 93,00
27.4.2014 7,62 35,33 8,10 93,00
28.4.2014 7,07 34,17 8,10 98,00
29.4.2014 6,72 33,31 9,10 101,00
30.4.2014 6,42 32,48 8,30 105,00
1.5.2014 6,20 31,85 7,50 127,00
2.5.2014 6,09 31,76 7,50 172,00
3.5.2014 5,80 31,80 6,90 191,00
4.5.2014 5,57 30,76 6,70 203,00
5.5.2014 5,31 29,67 6,70 191,00
6.5.2014 5,26 28,67 6,30 177,00
7.5.2014 5,20 27,69 5,50 160,00
8.5.2014 4,93 25,85 5,30 134,00
9.5.2014 4,93 24,44 4,92 124,00
10.5.2014 6,87 22,34 4,70 113,00
11.5.2014 10,78 20,70 4,40 100,00
12.5.2014 12,34 19,29 4,10 88,00
13.5.2014 13,79 17,86 3,60 77,00
14.5.2014 22,08 16,85 2,60 74,00
15.5.2014 29,96 15,78 2,50 62,00
16.5.2014 23,32 15,82 2,40 72,00
17.5.2014 17,06 14,32 2,40 46,00
18.5.2014 13,94 14,05 2,53 38,00
19.5.2014 11,97 13,01 2,73 38,00
20.5.2014 10,55 12,03 2,90 33,00
21.5.2014 9,13 11,10 2,80 27,00
22.5.2014 8,13 10,59 2,80 30,00
23.5.2014 7,74 9,89 2,80 28,00
24.5.2014 6,78 9,54 2,80 35,00
25.5.2014 5,76 9,34 2,90 34,00
26.5.2014 5,22 8,74 2,90 28,00
27.5.2014 5,16 8,93 3,11 43,00
28.5.2014 4,75 8,55 2,92 48,00
29.5.2014 6,05 8,03 2,73 37,00
30.5.2014 10,35 7,66 2,81 26,00
31.5.2014 11,75 7,41 2,70 23,00
1.6.2014 8,99 7,02 2,60 19,00
2.6.2014 7,08 6,96 2,50 25,00
3.6.2014 5,99 6,47 2,40 19,60
4.6.2014 5,28 6,04 2,30 15,90
5.6.2014 4,79 5,93 2,30 16,40
6.6.2014 4,33 5,85 1,90 15,10
7.6.2014 3,96 5,60 1,90 12,90
8.6.2014 4,06 5,23 2,00 14,20
9.6.2014 5,20 5,07 1,80 22,00
10.6.2014 6,50 5,29 2,00 44,00
11.6.2014 6,79 5,15 2,10 44,00
12.6.2014 6,59 4,96 2,00 34,00
13.6.2014 5,81 4,99 2,00 25,00
14.6.2014 8,92 6,11 1,80 36,00
15.6.2014 9,39 6,62 1,60 55,00
16.6.2014 7,36 6,46 1,80 45,00
17.6.2014 6,93 6,51 1,70 40,00
18.6.2014 7,73 6,52 1,60 49,00
19.6.2014 7,54 6,56 1,60 40,00
20.6.2014 6,76 6,19 1,40 30,00
21.6.2014 6,51 5,65 1,20 31,00
22.6.2014 6,09 5,35 1,20 33,00
23.6.2014 8,26 4,99 1,20 28,00
24.6.2014 16,45 5,07 1,10 27,00
25.6.2014 18,24 5,42 1,20 35,00
26.6.2014 16,75 5,22 1,10 28,00
27.6.2014 12,54 4,75 0,90 21,00
28.6.2014 10,60 4,50 0,90 17,50
29.6.2014 10,22 4,36 0,90 15,10
30.6.2014 10,03 4,64 1,10 14,20
1.7.2014 12,60 4,91 1,00 22,00
2.7.2014 13,20 4,89 1,20 31,00
3.7.2014 13,40 4,52 1,20 25,00
4.7.2014 12,30 4,31 1,00 22,00
5.7.2014 11,00 4,20 1,10 21,00
6.7.2014 9,40 4,31 1,10 20,00
7.7.2014 7,50 4,48 1,10 19,60
8.7.2014 6,50 4,69 0,90 26,00
9.7.2014 5,50 4,55 0,90 23,00
10.7.2014 5,00 4,65 0,90 29,00
11.7.2014 4,40 4,65 0,90 42,00
12.7.2014 3,90 4,55 0,80 42,00
13.7.2014 3,50 4,59 0,80 36,00
14.7.2014 2,80 4,73 0,70 32,00
15.7.2014 3,20 4,85 0,70 34,00
16.7.2014 3,20 4,93 0,70 32,00
17.7.2014 2,80 4,78 0,70 26,00
18.7.2014 2,90 4,32 0,70 21,00
19.7.2014 3,20 4,28 0,70 18,40
20.7.2014 3,50 4,39 0,80 21,00
21.7.2014 3,50 4,59 0,80 26,00
22.7.2014 3,60 4,70 0,90 28,00
23.7.2014 3,10 4,64 0,90 26,00
24.7.2014 3,60 5,11 0,90 28,00
25.7.2014 3,20 5,02 0,90 28,00
26.7.2014 3,30 5,40 0,90 34,00
27.7.2014 3,10 5,28 0,90 36,00
28.7.2014 2,80 5,20 0,80 42,00
29.7.2014 2,50 5,73 0,90 44,00
30.7.2014 2,80 6,24 0,90 64,00
31.7.2014 2,80 6,45 0,90 81,00
1.8.2014 2,60 6,89 0,90 99,00
2.8.2014 2,60 6,80 0,80 86,00
3.8.2014 2,50 6,30 0,90 72,00
4.8.2014 2,40 5,90 0,80 64,00
5.8.2014 2,30 6,18 0,80 60,00
6.8.2014 2,10 6,06 0,80 55,00
7.8.2014 2,10 6,03 0,90 49,00
8.8.2014 2,10 6,36 0,90 43,00
9.8.2014 2,40 6,70 0,90 40,00
10.8.2014 2,30 6,63 0,90 36,00
11.8.2014 2,30 6,41 0,90 31,00
12.8.2014 2,00 6,96 0,80 33,00
13.8.2014 2,30 7,37 0,80 32,00
14.8.2014 2,80 7,14 0,80 33,00
15.8.2014 2,80 6,40 0,80 26,00
16.8.2014 2,30 5,80 0,70 22,00
17.8.2014 1,60 5,44 0,70 23,00
18.8.2014 2,00 5,50 0,70 21,00
19.8.2014 3,20 5,65 0,70 18,70
20.8.2014 4,20 5,53 0,80 22,00
21.8.2014 4,80 5,00 0,80 23,00
22.8.2014 4,80 5,01 0,60 21,00
23.8.2014 4,10 5,39 0,60 25,00
24.8.2014 3,20 5,40 0,60 25,00
25.8.2014 2,80 5,51 0,90 27,00
26.8.2014 2,90 5,66 1,00 31,00
27.8.2014 4,10 5,62 0,90 28,00
28.8.2014 5,30 6,03 1,00 25,00
29.8.2014 5,00 6,62 0,80 42,00
30.8.2014 4,20 6,97 0,80 41,00
31.8.2014 3,80 6,90 1,10 41,00
1.9.2014 3,34 6,62 0,90 34,00
2.9.2014 3,08 6,77 1,00 30,00
3.9.2014 2,91 6,69 1,20 34,00
4.9.2014 2,70 6,84 1,00 37,00
5.9.2014 2,51 6,73 1,00 34,00
6.9.2014 2,45 6,20 0,90 28,00
7.9.2014 2,46 5,85 0,90 22,00
8.9.2014 2,15 5,93 0,80 33,00
9.9.2014 1,64 5,58 0,80 26,00
10.9.2014 1,77 5,41 0,80 20,00
11.9.2014 1,55 5,49 0,80 17,50
12.9.2014 1,84 6,10 0,70 27,00
13.9.2014 1,96 6,89 0,60 38,00
14.9.2014 2,16 7,58 0,60 48,00
15.9.2014 1,55 7,34 1,10 47,00
16.9.2014 1,48 7,70 0,90 38,00
17.9.2014 1,44 7,55 0,90 31,00
18.9.2014 1,61 7,26 1,00 33,00
19.9.2014 1,38 7,20 1,10 31,00
20.9.2014 1,23 7,27 1,10 32,00
21.9.2014 1,27 7,04 1,00 33,00
22.9.2014 1,37 7,01 1,10 33,00
23.9.2014 1,70 7,11 1,00 30,00
24.9.2014 2,04 7,70 0,90 34,00
25.9.2014 2,62 7,81 1,00 47,00
26.9.2014 3,13 8,86 0,90 77,00
27.9.2014 4,22 8,52 1,10 71,00
28.9.2014 5,18 8,55 0,90 67,00
29.9.2014 4,65 8,61 0,90 64,00
30.9.2014 3,61 8,52 1,20 54,00
1.10.2014 3,10 7,97 1,10 46,00
2.10.2014 2,56 7,98 1,20 38,00
3.10.2014 2,53 8,21 0,90 32,00
4.10.2014 2,52 8,25 1,20 33,00
5.10.2014 3,08 8,42 1,20 41,00
6.10.2014 3,43 8,56 1,00 53,00
7.10.2014 3,25 8,51 1,20 44,00
8.10.2014 3,15 8,89 1,10 42,00
9.10.2014 2,61 10,04 1,10 42,00
10.10.2014 3,28 10,68 1,20 42,00
11.10.2014 3,78 11,05 1,10 59,00
12.10.2014 4,14 11,88 1,10 72,00
13.10.2014 3,65 12,55 1,20 64,00
14.10.2014 3,51 12,47 1,20 54,00
15.10.2014 3,38 12,92 1,20 94,00
16.10.2014 3,08 11,58 1,10 44,00
17.10.2014 2,84 11,11 1,10 47,00
18.10.2014 2,91 11,29 1,10 59,00
19.10.2014 2,55 11,30 1,20 49,00
20.10.2014 4,87 11,06 1,40 37,00
21.10.2014 6,95 11,49 1,50 38,00
22.10.2014 5,48 12,72 1,00 48,00
23.10.2014 4,17 12,75 1,20 50,00
24.10.2014 3,81 13,06 1,40 54,00
25.10.2014 3,70 12,38 1,30 47,00
26.10.2014 3,38 12,06 1,20 37,00
27.10.2014 3,29 12,87 1,20 48,00
28.10.2014 3,25 13,61 1,00 57,00
29.10.2014 2,83 14,15 0,90 56,00
30.10.2014 2,93 14,08 1,80 51,00
31.10.2014 2,92 14,23 1,80 56,00
1.11.2014 2,77 14,85 1,80 50,00
2.11.2014 2,91 14,37 1,50 45,00
3.11.2014 3,01 14,15 1,50 42,00
4.11.2014 3,53 14,60 1,60 52,00
5.11.2014 4,21 14,94 1,40 54,00
6.11.2014 4,43 14,83 1,50 46,00
7.11.2014 6,69 14,70 1,50 55,00
8.11.2014 11,77 14,11 1,50 47,00
9.11.2014 9,85 14,04 1,60 47,00
10.11.2014 8,87 14,28 1,70 47,00
11.11.2014 10,61 14,97 1,50 62,00
12.11.2014 11,13 15,47 1,30 60,00
13.11.2014 9,98 15,99 1,50 70,00
14.11.2014 8,49 16,16 1,50 62,00
15.11.2014 7,66 15,47 1,20 52,00
16.11.2014 6,98 15,55 1,40 48,00
17.11.2014 6,39 15,86 1,30 50,00
18.11.2014 5,99 16,01 1,40 63,00
19.11.2014 5,26 17,07 1,30 72,00
20.11.2014 4,72 17,40 1,70 71,00
21.11.2014 4,59 16,66 1,70 58,00
22.11.2014 4,29 16,52 1,60 75,00
23.11.2014 4,08 15,82 1,50 72,00
24.11.2014 3,69 15,31 1,40 79,00
25.11.2014 3,87 15,91 1,30 67,00
26.11.2014 3,93 16,27 1,60 69,00
27.11.2014 5,20 15,63 1,80 65,00
28.11.2014 5,86 14,76 2,50 54,00
29.11.2014 6,30 14,89 2,50 48,00
30.11.2014 6,07 14,58 2,40 48,00
1.12.2014 5,50 14,01 2,30 48,00
2.12.2014 5,00 14,04 2,30 55,36
3.12.2014 4,66 14,26 2,30 58,55
4.12.2014 4,43 14,95 1,80 59,00
5.12.2014 4,38 15,51 1,50 63,00
6.12.2014 4,30 15,29 1,40 59,00
7.12.2014 4,36 14,85 1,20 52,00
8.12.2014 6,37 13,78 1,20 57,00
9.12.2014 16,26 13,19 1,10 70,00
10.12.2014 18,17 13,07 1,10 64,00
11.12.2014 15,39 13,08 1,00 54,00
12.12.2014 15,22 13,07 0,99 59,00
13.12.2014 15,80 13,00 0,88 58,00
14.12.2014 15,80 12,93 0,81 60,00
15.12.2014 14,63 12,28 0,77 54,00
16.12.2014 18,38 12,02 0,77 47,00
17.12.2014 22,74 11,21 0,79 43,71
18.12.2014 25,73 10,68 0,91 45,00
19.12.2014 23,34 10,68 0,97 57,03
20.12.2014 26,11 10,35 0,95 62,00
21.12.2014 24,21 9,82 0,91 59,25
22.12.2014 18,99 9,34 0,88 50,00
23.12.2014 14,38 9,36 0,86 63,00
24.12.2014 11,08 9,20 0,85 64,00
25.12.2014 9,81 8,82 0,85 65,00
26.12.2014 9,21 8,80 0,84 67,00
27.12.2014 8,82 8,96 0,77 64,00
28.12.2014 8,73 8,87 0,75 55,00
29.12.2014 7,95 8,74 0,70 48,00
30.12.2014 7,01 8,25 0,64 38,41
31.12.2014 7,12 8,34 0,61 38,30
