date         value     avg     min     max
01.01.2019    1,88    8,58    0,60   37,00
02.01.2019    1,86    8,30    0,59   39,00
03.01.2019    1,84    8,14    0,59   34,00
04.01.2019    1,84    8,27    0,60   32,00
05.01.2019    1,82    7,93    0,60   42,00
06.01.2019    1,80    7,50    0,60   38,00
07.01.2019    1,79    7,20    0,60   29,00
08.01.2019    1,78    7,46    0,60   46,00
09.01.2019    1,77    7,96    0,61   45,00
10.01.2019    1,77    8,39    0,61   57,00
11.01.2019    1,77    8,48    0,63   58,00
12.01.2019    1,77    8,13    0,65   58,00
13.01.2019    1,77    7,80    0,68   56,00
14.01.2019    1,77    8,42    0,69   63,00
15.01.2019    1,75    8,49    0,70   52,00
16.01.2019    1,74    7,90    0,70   42,00
17.01.2019    1,74    7,69    0,71   38,00
18.01.2019    1,74    7,99    0,73   38,00
19.01.2019    1,72    7,95    0,76   38,00
20.01.2019    1,72    7,85    0,77   51,00
21.01.2019    1,72    7,64    0,77   50,00
22.01.2019    1,72    7,24    0,78   42,00
23.01.2019    1,72    6,80    0,79   33,00
24.01.2019    1,72    6,53    0,79   36,00
25.01.2019    1,72    6,42    0,80   45,00
26.01.2019    1,72    6,15    0,81   38,00
27.01.2019    1,71    5,88    0,82   32,00
28.01.2019    1,71    5,62    0,82   29,00
29.01.2019    1,70    5,43    0,82   25,00
30.01.2019    1,69    5,35    0,81   20,00
31.01.2019    1,69    5,20    0,81   21,00
01.02.2019    1,69    4,95    0,81   20,00
02.02.2019    1,68    4,76    0,82   19,60
03.02.2019    1,67    4,83    0,82   28,00
04.02.2019    1,66    5,13    0,81   26,00
05.02.2019    1,69    5,49    0,81   34,00
06.02.2019    1,70    5,84    0,80   47,00
07.02.2019    1,75    6,18    0,80   50,00
08.02.2019    1,84    6,46    0,79   55,00
09.02.2019    2,29    6,47    0,79   55,00
10.02.2019    4,50    7,01    0,78   67,00
11.02.2019   10,30    7,44    0,78   68,00
12.02.2019   12,60    7,30    0,78   63,00
13.02.2019   10,80    6,79    0,78   55,00
14.02.2019    9,60    6,27    0,77   49,00
15.02.2019    8,60    5,77    0,77   40,00
16.02.2019    9,10    5,47    0,77   38,00
17.02.2019   10,10    5,37    0,77   28,00
18.02.2019    9,40    5,37    0,77   38,00
19.02.2019    9,10    5,19    0,77   41,00
20.02.2019   13,40    5,02    0,77   37,00
21.02.2019   15,90    5,43    0,77   45,00
22.02.2019   13,90    5,92    0,77   68,00
23.02.2019   12,30    6,22    0,77   78,00
24.02.2019   11,00    6,21    0,77   75,00
25.02.2019   10,10    6,39    0,77   74,00
26.02.2019   10,80    6,61    0,77   70,00
27.02.2019   12,00    6,77    0,77   65,00
28.02.2019   12,60    7,37    0,77   74,00
01.03.2019   13,40    7,56    0,77   65,00
02.03.2019   12,90    7,26    0,77   55,00
03.03.2019   11,50    7,20    0,77   50,00
04.03.2019   10,30    6,89    0,77   44,00
05.03.2019    9,40    6,57    0,77   39,00
06.03.2019    7,90    6,14    0,77   38,00
07.03.2019    7,10    5,81    0,78   37,00
08.03.2019    6,90    5,77    0,79   40,00
09.03.2019   11,00    6,22    0,80   54,00
10.03.2019   13,90    6,44    0,80   61,00
11.03.2019   12,00    6,86    0,81   60,00
12.03.2019   10,50    7,16    0,81   58,00
13.03.2019    9,40    7,23    0,82   51,00
14.03.2019    8,30    7,16    0,83   43,00
15.03.2019    7,90    7,42    0,84   44,00
16.03.2019    9,60    7,43    0,84   49,00
17.03.2019   13,70    7,50    0,84   43,00
18.03.2019   21,00    7,56    0,85   48,00
19.03.2019   36,00    7,57    0,84   53,00
20.03.2019   41,00    8,03    0,82   59,00
21.03.2019   38,00    8,58    0,82   59,00
22.03.2019   38,00    9,51    0,82   65,00
23.03.2019   36,00   10,58    0,81   67,00
24.03.2019   36,00   10,97    0,81   73,00
25.03.2019   37,00   10,97    0,81   72,00
26.03.2019   33,00   10,89    0,80   70,00
27.03.2019   28,00   11,22    0,79   62,00
28.03.2019   25,00   12,00    0,79   54,00
29.03.2019   29,00   12,83    0,79   65,00
30.03.2019   42,00   14,00    0,80   74,00
31.03.2019   54,00   14,67    0,82   73,00
01.04.2019   60,00   16,02    0,84   77,00
02.04.2019   57,00   17,56    1,20   72,00
03.04.2019   53,00   19,59    1,34   64,00
04.04.2019   49,00   22,28    1,34   68,00
05.04.2019   48,00   24,65    1,00   90,00
06.04.2019   48,00   27,50    1,49   90,00
07.04.2019   46,00   29,17    1,69   85,00
08.04.2019   44,00   31,08    1,86  100,00
09.04.2019   43,00   33,10    2,60  107,00
10.04.2019   43,00   33,83    3,20  109,00
11.04.2019   39,00   34,55    3,40   97,00
12.04.2019   34,00   34,92    3,74  105,00
13.04.2019   30,00   37,49    3,80  119,00
14.04.2019   26,00   38,88    5,30  158,00
15.04.2019   25,00   39,36    6,30  145,00
16.04.2019   24,00   40,34    7,70  148,00
17.04.2019   23,00   41,18    8,10  151,00
18.04.2019   22,00   43,31    8,60  143,00
19.04.2019   22,00   45,16    9,10  134,00
20.04.2019   21,00   44,40   11,30  124,00
21.04.2019   20,00   44,46   11,00  112,00
22.04.2019   18,70   43,50   10,80  100,00
23.04.2019   17,20   41,00    9,60   93,00
24.04.2019   16,20   38,84    9,60   86,00
25.04.2019   14,70   36,75    8,80   87,00
26.04.2019   13,40   35,40    8,10   93,00
27.04.2019   12,30   34,52    7,70   93,00
28.04.2019   11,00   33,57    7,10   98,00
29.04.2019    9,80   32,79    6,70  101,00
30.04.2019    8,80   32,03    6,50  105,00
01.05.2019    7,70   31,36    6,10  127,00
02.05.2019    7,50   30,95    6,10  172,00
03.05.2019    7,70   30,68    5,90  191,00
04.05.2019    7,70   29,51    5,50  203,00
05.05.2019    7,10   28,26    5,30  191,00
06.05.2019    6,70   27,12    5,30  177,00
07.05.2019    6,30   26,12    5,20  160,00
08.05.2019    5,90   24,37    5,00  134,00
09.05.2019    5,30   23,02    5,00  124,00
10.05.2019    5,00   21,06    4,70  113,00
11.05.2019    5,00   19,56    4,40  100,00
12.05.2019   16,40   18,27    4,10   88,00
13.05.2019   27,00   16,98    3,60   77,00
14.05.2019   22,00   16,28    2,60   74,00
15.05.2019   16,20   15,48    2,50   62,00
16.05.2019   13,20   15,32    2,40   72,00
17.05.2019   11,50   13,79    2,40   46,00
18.05.2019   10,10   13,45    2,50   38,00
19.05.2019    8,80   12,48    2,80   38,00
20.05.2019    7,50   11,56    2,90   33,00
21.05.2019    6,50   10,69    2,80   27,00
22.05.2019    5,90   10,21    2,80   30,00
23.05.2019    6,10    9,57    2,80   28,00
24.05.2019    7,30    9,19    2,80   35,00
25.05.2019    6,10    8,94    2,90   34,00
26.05.2019    5,30    8,36    2,90   28,00
27.05.2019    7,30    8,49    2,90   43,00
28.05.2019    9,10    8,14    2,80   48,00
29.05.2019    8,30    7,68    2,80   37,00
30.05.2019    8,30    7,40    2,60   26,00
31.05.2019    8,10    7,17    2,50   23,00
01.06.2019    6,70    6,75    2,40   19,00
02.06.2019    5,70    6,65    2,10   25,00
03.06.2019    5,30    6,19    1,90   19,60
04.06.2019    4,80    5,79    1,80   15,90
05.06.2019    4,50    5,67    1,80   16,40
06.06.2019    3,90    5,58    1,90   15,10
07.06.2019    3,60    5,34    1,90   12,90
08.06.2019    3,20    5,02    2,00   14,20
09.06.2019    3,20    4,90    1,80   22,00
10.06.2019    3,50    5,12    2,00   44,00
11.06.2019    3,50    5,01    2,10   44,00
12.06.2019    3,10    4,83    2,00   34,00
13.06.2019    2,50    4,86    2,00   25,00
14.06.2019    2,30    5,99    1,80   36,00
15.06.2019    2,00    6,48    1,60   55,00
16.06.2019    2,10    6,25    1,80   45,00
17.06.2019    2,00    6,27    1,70   40,00
18.06.2019    1,90    6,33    1,60   49,00
19.06.2019    1,80    6,42    1,60   40,00
20.06.2019    2,00    6,09    1,40   30,00
21.06.2019    2,00    5,56    1,20   31,00
22.06.2019    1,90    5,26    1,20   33,00
23.06.2019    1,90    4,96    1,20   28,00
24.06.2019    1,80    5,17    1,10   27,00
25.06.2019    1,80    5,59    1,20   35,00
26.06.2019    1,90    5,39    1,10   28,00
27.06.2019    1,90    4,88    0,90   21,00
28.06.2019    1,80    4,64    0,90   17,50
29.06.2019    1,90    4,56    0,90   15,10
30.06.2019    1,90    4,78    1,10   14,20
01.07.2019    1,94    5,06    1,00   22,00
02.07.2019    1,83    5,06    1,20   31,00
03.07.2019    2,22    4,69    1,20   25,00
04.07.2019    3,08    4,45    1,00   22,00
05.07.2019    3,10    4,34    1,10   21,00
06.07.2019    3,49    4,45    1,10   20,00
07.07.2019    4,35    4,51    1,10   19,60
08.07.2019    4,14    4,64    0,90   26,00
09.07.2019    3,34    4,51    0,90   23,00
10.07.2019    2,74    4,59    0,90   29,00
11.07.2019    2,31    4,60    0,90   42,00
12.07.2019    2,04    4,50    0,80   42,00
13.07.2019    1,91    4,49    0,80   36,00
14.07.2019    1,89    4,60    0,70   32,00
15.07.2019    1,89    4,70    0,70   34,00
16.07.2019    1,89    4,92    0,70   32,00
17.07.2019    1,77    4,87    0,70   26,00
18.07.2019    1,81    4,39    0,70   21,00
19.07.2019    1,74    4,30    0,70   18,40
20.07.2019    1,70    4,38    0,80   21,00
21.07.2019    1,74    4,52    0,80   26,00
22.07.2019    1,72    4,61    0,90   28,00
23.07.2019    1,52    4,54    0,90   26,00
24.07.2019    1,48    4,96    0,90   28,00
25.07.2019    1,59    4,86    0,90   28,00
26.07.2019    1,55    5,17    0,90   34,00
27.07.2019    1,63    5,04    0,90   36,00
28.07.2019    1,11    4,95    0,80   42,00
29.07.2019    1,38    5,41    0,90   44,00
30.07.2019    1,59    5,87    0,90   64,00
31.07.2019    1,49    6,04    0,90   81,00
01.08.2019    1,38    6,46    0,90   99,00
02.08.2019    0,98    6,40    0,80   86,00
03.08.2019    1,19    5,95    0,90   72,00
04.08.2019    1,33    5,64    0,80   64,00
05.08.2019    1,37    5,89    0,80   60,00
06.08.2019    1,46    5,78    0,80   55,00
07.08.2019    1,47    5,77    0,90   49,00
08.08.2019    1,48    6,20    0,90   43,00
09.08.2019    1,60    6,49    0,90   40,00
10.08.2019    1,58    6,34    0,90   36,00
11.08.2019    1,58    6,09    0,90   31,00
12.08.2019    1,77    6,54    0,80   33,00
13.08.2019    2,15    6,90    0,80   32,00
14.08.2019    2,72    6,73    0,80   33,00
15.08.2019    2,60    6,27    0,80   26,00
16.08.2019    2,62    5,97    0,70   26,00
17.08.2019    2,06    5,61    0,70   26,00
18.08.2019    1,92    5,53    0,70   21,00
19.08.2019    1,82    5,61    0,70   18,70
20.08.2019    1,84    5,48    0,80   22,00
21.08.2019    1,77    4,98    0,80   23,00
22.08.2019    2,17    4,95    0,60   21,00
23.08.2019    2,45    5,26    0,60   25,00
24.08.2019    2,57    5,28    0,60   25,00
25.08.2019    2,60    5,37    0,90   27,00
26.08.2019    2,49    5,46    1,00   31,00
27.08.2019    2,13    5,42    0,90   28,00
28.08.2019    1,99    5,86    1,00   25,00
29.08.2019    1,95    6,40    0,80   42,00
30.08.2019    1,89    6,70    0,80   41,00
31.08.2019    1,80    6,63    1,10   41,00
01.09.2019    1,80    6,35    0,90   34,00
02.09.2019    1,86    6,47    1,00   30,00
03.09.2019    2,07    6,43    1,20   34,00
04.09.2019    2,01    6,61    1,00   37,00
05.09.2019    2,44    6,60    1,00   34,00
06.09.2019    2,67    6,15    0,90   28,00
07.09.2019    2,57    5,78    0,90   22,00
08.09.2019    3,00    5,79    0,80   33,00
09.09.2019    2,60    5,42    0,80   26,00
10.09.2019    2,89    5,27    0,80   20,00
11.09.2019    2,48    5,39    0,80   17,50
12.09.2019    3,53    5,95    0,70   27,00
13.09.2019    4,32    6,73    0,60   38,00
14.09.2019    4,10    7,39    0,60   48,00
15.09.2019    4,22    7,18    1,10   47,00
16.09.2019    5,90    7,56    0,90   38,00
17.09.2019    7,78    7,36    0,90   31,00
18.09.2019    6,15    7,05    1,00   33,00
19.09.2019    4,37    6,94    1,10   31,00
20.09.2019    3,38    7,02    1,10   32,00
21.09.2019    3,03    6,82    1,00   33,00
22.09.2019    2,68    6,86    1,10   33,00
23.09.2019    2,52    7,02    1,00   30,00
24.09.2019    2,34    7,95    0,90   35,00
25.09.2019    2,36    8,31    1,00   51,00
26.09.2019    2,33    9,16    0,90   77,00
27.09.2019    2,28    8,72    1,10   71,00
28.09.2019    2,38    8,79    0,90   67,00
29.09.2019    2,26    8,96    0,90   64,00
30.09.2019    2,16    8,89    1,20   54,00
01.10.2019    5,45    8,43    1,10   55,00
02.10.2019   18,83    8,33    1,20   50,00
03.10.2019   18,05    8,40    0,90   44,00
04.10.2019   11,62    8,36    1,20   38,00
05.10.2019    8,36    8,79    1,20   41,00
06.10.2019    7,56    9,07    1,00   53,00
07.10.2019    6,54    8,96    1,20   44,00
08.10.2019    5,61    9,20    1,10   42,00
09.10.2019    5,10   10,29    1,10   42,00
10.10.2019    4,64   11,10    1,20   44,00
11.10.2019    4,50   11,87    1,10   68,00
12.10.2019    6,25   12,71    1,10   75,00
13.10.2019   13,15   13,09    1,20   67,00
14.10.2019   13,02   12,86    1,20   60,00
15.10.2019   11,61   13,02    1,20   94,00
16.10.2019   10,55   11,71    1,10   44,00
17.10.2019   10,27   11,25    1,10   47,00
18.10.2019   11,12   11,58    1,10   59,00
19.10.2019   11,54   11,88    1,20   49,00
20.10.2019   12,85   11,65    1,40   38,00
21.10.2019   18,42   11,93    1,50   38,00
22.10.2019   24,77   12,85    1,00   48,00
23.10.2019   21,99   12,76    1,20   50,00
24.10.2019   17,23   13,04    1,40   54,00
25.10.2019   14,46   12,50    1,30   47,00
26.10.2019   13,19   12,10    1,20   37,00
27.10.2019   16,27   12,73    1,20   48,00
28.10.2019   18,99   13,37    1,00   57,00
29.10.2019   18,76   14,27    0,90   56,00
30.10.2019   15,97   14,62    1,80   51,00
31.10.2019   13,09   14,55    1,80   56,00
01.11.2019   11,48   14,83    1,80   50,00
02.11.2019   10,60   14,23    1,50   45,00
03.11.2019   10,20   13,96    1,50   42,00
04.11.2019   10,57   14,45    1,60   52,00
05.11.2019   10,19   15,00    1,40   54,00
06.11.2019    8,88   15,09    1,50   46,00
07.11.2019    6,99   15,10    1,50   55,00
08.11.2019    6,92   14,56    1,50   47,00
09.11.2019    6,50   14,34    1,60   47,00
10.11.2019    7,18   14,55    1,70   47,00
11.11.2019   16,31   15,26    1,50   62,00
12.11.2019   19,77   15,88    1,30   60,00
13.11.2019   22,20   16,46    1,50   70,00
14.11.2019   36,61   16,47    1,50   62,00
15.11.2019   42,12   15,65    1,20   52,00
16.11.2019   38,25   15,59    1,40   48,00
17.11.2019   31,33   15,83    1,30   50,00
18.11.2019   26,12   16,07    1,40   63,00
19.11.2019   23,29   17,30    1,30   72,00
20.11.2019   21,19   17,75    1,70   71,00
21.11.2019   19,45   17,12    1,70   58,00
22.11.2019   17,62   17,11    1,60   75,00
23.11.2019   15,97   16,38    1,50   72,00
24.11.2019   14,45   15,66    1,40   79,00
25.11.2019   13,23   16,24    1,30   67,00
26.11.2019   11,99   16,59    1,60   69,00
27.11.2019   11,10   15,99    1,80   65,00
28.11.2019   11,49   15,24    2,50   54,00
29.11.2019   20,39   15,29    2,50   48,00
30.11.2019   31,91   14,88    2,40   48,00
01.12.2019   29,61   14,29    2,30   48,00
02.12.2019   22,66   14,23    2,30   55,00
03.12.2019   15,49   14,36    2,30   59,00
04.12.2019   15,81   14,97    1,80   59,00
05.12.2019   15,80   15,48    1,50   63,00
06.12.2019   17,43   15,19    1,40   59,00
07.12.2019   24,00   14,78    1,20   52,00
08.12.2019   31,31   13,81    1,20   57,00
09.12.2019   34,80   13,46    1,10   70,00
10.12.2019   37,73   13,34    1,10   64,00
11.12.2019   35,03   13,26    1,00   54,00
12.12.2019   29,27   13,13    0,99   59,00
13.12.2019   24,60   13,02    0,88   58,00
14.12.2019   21,94   12,91    0,81   60,00
15.12.2019   22,93   12,24    0,77   54,00
16.12.2019   27,16   12,02    0,77   47,00
17.12.2019   30,63   11,37    0,79   44,00
18.12.2019   36,41   10,98    0,91   45,00
19.12.2019   52,59   10,99    0,97   57,00
20.12.2019   49,55   10,80    0,95   62,00
21.12.2019   42,11   10,42    0,91   59,00
22.12.2019   38,31   10,21    0,88   50,00
23.12.2019   36,20   10,25    0,86   63,00
24.12.2019   33,30   10,09    0,85   64,00
25.12.2019   32,63    9,67    0,85   65,00
26.12.2019   33,58    9,67    0,84   67,00
27.12.2019   31,22    9,79    0,77   64,00
28.12.2019   26,33    9,66    0,75   55,00
29.12.2019   20,00    9,49    0,70   48,00
30.12.2019   20,97    9,09    0,64   38,00
31.12.2019   19,84    9,09    0,61   38,00
